ball[1]:40
 13  25  35  52  65 
 14  17  41  48  69 
 08  22 FREE 50  64 
 03  30  45  53  71 
 06  26  42  60  61 

REACH: 0
BINGO: 0
--------------------
ball[2]:5
 13  25  35  52  65 
 14  17  41  48  69 
 08  22 FREE 50  64 
 03  30  45  53  71 
 06  26  42  60  61 

REACH: 0
BINGO: 0
--------------------
ball[3]:32
 13  25  35  52  65 
 14  17  41  48  69 
 08  22 FREE 50  64 
 03  30  45  53  71 
 06  26  42  60  61 

REACH: 0
BINGO: 0
--------------------
ball[4]:4
 13  25  35  52  65 
 14  17  41  48  69 
 08  22 FREE 50  64 
 03  30  45  53  71 
 06  26  42  60  61 

REACH: 0
BINGO: 0
--------------------
ball[5]:59
 13  25  35  52  65 
 14  17  41  48  69 
 08  22 FREE 50  64 
 03  30  45  53  71 
 06  26  42  60  61 

REACH: 0
BINGO: 0
--------------------
ball[6]:50
 13  25  35  52  65 
 14  17  41  48  69 
 08  22 FREE(50) 64 
 03  30  45  53  71 
 06  26  42  60  61 

REACH: 0
BINGO: 0
--------------------
ball[7]:22
 13  25  35  52  65 
 14  17  41  48  69 
 08 (22)FREE(50) 64 
 03  30  45  53  71 
 06  26  42  60  61 

REACH: 0
BINGO: 0
--------------------
ball[8]:51
 13  25  35  52  65 
 14  17  41  48  69 
 08 (22)FREE(50) 64 
 03  30  45  53  71 
 06  26  42  60  61 

REACH: 0
BINGO: 0
--------------------
ball[9]:13
(13) 25  35  52  65 
 14  17  41  48  69 
 08 (22)FREE(50) 64 
 03  30  45  53  71 
 06  26  42  60  61 

REACH: 0
BINGO: 0
--------------------
ball[10]:7
(13) 25  35  52  65 
 14  17  41  48  69 
 08 (22)FREE(50) 64 
 03  30  45  53  71 
 06  26  42  60  61 

REACH: 0
BINGO: 0
--------------------
ball[11]:24
(13) 25  35  52  65 
 14  17  41  48  69 
 08 (22)FREE(50) 64 
 03  30  45  53  71 
 06  26  42  60  61 

REACH: 0
BINGO: 0
--------------------
ball[12]:11
(13) 25  35  52  65 
 14  17  41  48  69 
 08 (22)FREE(50) 64 
 03  30  45  53  71 
 06  26  42  60  61 

REACH: 0
BINGO: 0
--------------------
ball[13]:6
(13) 25  35  52  65 
 14  17  41  48  69 
 08 (22)FREE(50) 64 
 03  30  45  53  71 
(06) 26  42  60  61 

REACH: 0
BINGO: 0
--------------------
ball[14]:52
(13) 25  35 (52) 65 
 14  17  41  48  69 
 08 (22)FREE(50) 64 
 03  30  45  53  71 
(06) 26  42  60  61 

REACH: 0
BINGO: 0
--------------------
ball[15]:54
(13) 25  35 (52) 65 
 14  17  41  48  69 
 08 (22)FREE(50) 64 
 03  30  45  53  71 
(06) 26  42  60  61 

REACH: 0
BINGO: 0
--------------------
ball[16]:26
(13) 25  35 (52) 65 
 14  17  41  48  69 
 08 (22)FREE(50) 64 
 03  30  45  53  71 
(06)(26) 42  60  61 

REACH: 0
BINGO: 0
--------------------
ball[17]:39
(13) 25  35 (52) 65 
 14  17  41  48  69 
 08 (22)FREE(50) 64 
 03  30  45  53  71 
(06)(26) 42  60  61 

REACH: 0
BINGO: 0
--------------------
ball[18]:75
(13) 25  35 (52) 65 
 14  17  41  48  69 
 08 (22)FREE(50) 64 
 03  30  45  53  71 
(06)(26) 42  60  61 

REACH: 0
BINGO: 0
--------------------
ball[19]:15
(13) 25  35 (52) 65 
 14  17  41  48  69 
 08 (22)FREE(50) 64 
 03  30  45  53  71 
(06)(26) 42  60  61 

REACH: 0
BINGO: 0
--------------------
ball[20]:31
(13) 25  35 (52) 65 
 14  17  41  48  69 
 08 (22)FREE(50) 64 
 03  30  45  53  71 
(06)(26) 42  60  61 

REACH: 0
BINGO: 0
--------------------
ball[21]:71
(13) 25  35 (52) 65 
 14  17  41  48  69 
 08 (22)FREE(50) 64 
 03  30  45  53 (71)
(06)(26) 42  60  61 

REACH: 0
BINGO: 0
--------------------
ball[22]:61
(13) 25  35 (52) 65 
 14  17  41  48  69 
 08 (22)FREE(50) 64 
 03  30  45  53 (71)
(06)(26) 42  60 (61)

REACH: 0
BINGO: 0
--------------------
ball[23]:17
(13) 25  35 (52) 65 
 14 (17) 41  48  69 
 08 (22)FREE(50) 64 
 03  30  45  53 (71)
(06)(26) 42  60 (61)

REACH: 1
BINGO: 0
--------------------
ball[24]:28
(13) 25  35 (52) 65 
 14 (17) 41  48  69 
 08 (22)FREE(50) 64 
 03  30  45  53 (71)
(06)(26) 42  60 (61)

REACH: 1
BINGO: 0
--------------------
ball[25]:66
(13) 25  35 (52) 65 
 14 (17) 41  48  69 
 08 (22)FREE(50) 64 
 03  30  45  53 (71)
(06)(26) 42  60 (61)

REACH: 1
BINGO: 0
--------------------
ball[26]:18
(13) 25  35 (52) 65 
 14 (17) 41  48  69 
 08 (22)FREE(50) 64 
 03  30  45  53 (71)
(06)(26) 42  60 (61)

REACH: 1
BINGO: 0
--------------------
ball[27]:48
(13) 25  35 (52) 65 
 14 (17) 41 (48) 69 
 08 (22)FREE(50) 64 
 03  30  45  53 (71)
(06)(26) 42  60 (61)

REACH: 1
BINGO: 0
--------------------
ball[28]:36
(13) 25  35 (52) 65 
 14 (17) 41 (48) 69 
 08 (22)FREE(50) 64 
 03  30  45  53 (71)
(06)(26) 42  60 (61)

REACH: 1
BINGO: 0
--------------------
ball[29]:1
(13) 25  35 (52) 65 
 14 (17) 41 (48) 69 
 08 (22)FREE(50) 64 
 03  30  45  53 (71)
(06)(26) 42  60 (61)

REACH: 1
BINGO: 0
--------------------
ball[30]:68
(13) 25  35 (52) 65 
 14 (17) 41 (48) 69 
 08 (22)FREE(50) 64 
 03  30  45  53 (71)
(06)(26) 42  60 (61)

REACH: 1
BINGO: 0
--------------------
ball[31]:74
(13) 25  35 (52) 65 
 14 (17) 41 (48) 69 
 08 (22)FREE(50) 64 
 03  30  45  53 (71)
(06)(26) 42  60 (61)

REACH: 1
BINGO: 0
--------------------
ball[32]:10
(13) 25  35 (52) 65 
 14 (17) 41 (48) 69 
 08 (22)FREE(50) 64 
 03  30  45  53 (71)
(06)(26) 42  60 (61)

REACH: 1
BINGO: 0
--------------------
ball[33]:65
(13) 25  35 (52)(65)
 14 (17) 41 (48) 69 
 08 (22)FREE(50) 64 
 03  30  45  53 (71)
(06)(26) 42  60 (61)

REACH: 2
BINGO: 0
--------------------
ball[34]:2
(13) 25  35 (52)(65)
 14 (17) 41 (48) 69 
 08 (22)FREE(50) 64 
 03  30  45  53 (71)
(06)(26) 42  60 (61)

REACH: 2
BINGO: 0
--------------------
ball[35]:69
(13) 25  35 (52)(65)
 14 (17) 41 (48)(69)
 08 (22)FREE(50) 64 
 03  30  45  53 (71)
(06)(26) 42  60 (61)

REACH: 3
BINGO: 0
--------------------
ball[36]:20
(13) 25  35 (52)(65)
 14 (17) 41 (48)(69)
 08 (22)FREE(50) 64 
 03  30  45  53 (71)
(06)(26) 42  60 (61)

REACH: 3
BINGO: 0
--------------------
ball[37]:37
(13) 25  35 (52)(65)
 14 (17) 41 (48)(69)
 08 (22)FREE(50) 64 
 03  30  45  53 (71)
(06)(26) 42  60 (61)

REACH: 3
BINGO: 0
--------------------
ball[38]:67
(13) 25  35 (52)(65)
 14 (17) 41 (48)(69)
 08 (22)FREE(50) 64 
 03  30  45  53 (71)
(06)(26) 42  60 (61)

REACH: 3
BINGO: 0
--------------------
ball[39]:58
(13) 25  35 (52)(65)
 14 (17) 41 (48)(69)
 08 (22)FREE(50) 64 
 03  30  45  53 (71)
(06)(26) 42  60 (61)

REACH: 3
BINGO: 0
--------------------
ball[40]:72
(13) 25  35 (52)(65)
 14 (17) 41 (48)(69)
 08 (22)FREE(50) 64 
 03  30  45  53 (71)
(06)(26) 42  60 (61)

REACH: 3
BINGO: 0
--------------------
ball[41]:42
(13) 25  35 (52)(65)
 14 (17) 41 (48)(69)
 08 (22)FREE(50) 64 
 03  30  45  53 (71)
(06)(26)(42) 60 (61)

REACH: 4
BINGO: 0
--------------------
ball[42]:53
(13) 25  35 (52)(65)
 14 (17) 41 (48)(69)
 08 (22)FREE(50) 64 
 03  30  45 (53)(71)
(06)(26)(42) 60 (61)

REACH: 4
BINGO: 1
--------------------
ball[43]:21
(13) 25  35 (52)(65)
 14 (17) 41 (48)(69)
 08 (22)FREE(50) 64 
 03  30  45 (53)(71)
(06)(26)(42) 60 (61)

REACH: 4
BINGO: 1
--------------------
ball[44]:14
(13) 25  35 (52)(65)
(14)(17) 41 (48)(69)
 08 (22)FREE(50) 64 
 03  30  45 (53)(71)
(06)(26)(42) 60 (61)

REACH: 5
BINGO: 1
--------------------
ball[45]:16
(13) 25  35 (52)(65)
(14)(17) 41 (48)(69)
 08 (22)FREE(50) 64 
 03  30  45 (53)(71)
(06)(26)(42) 60 (61)

REACH: 5
BINGO: 1
--------------------
ball[46]:62
(13) 25  35 (52)(65)
(14)(17) 41 (48)(69)
 08 (22)FREE(50) 64 
 03  30  45 (53)(71)
(06)(26)(42) 60 (61)

REACH: 5
BINGO: 1
--------------------
ball[47]:45
(13) 25  35 (52)(65)
(14)(17) 41 (48)(69)
 08 (22)FREE(50) 64 
 03  30 (45)(53)(71)
(06)(26)(42) 60 (61)

REACH: 5
BINGO: 1
--------------------
ball[48]:46
(13) 25  35 (52)(65)
(14)(17) 41 (48)(69)
 08 (22)FREE(50) 64 
 03  30 (45)(53)(71)
(06)(26)(42) 60 (61)

REACH: 5
BINGO: 1
--------------------
ball[49]:8
(13) 25  35 (52)(65)
(14)(17) 41 (48)(69)
(08)(22)FREE(50) 64 
 03  30 (45)(53)(71)
(06)(26)(42) 60 (61)

REACH: 7
BINGO: 1
--------------------
ball[50]:44
(13) 25  35 (52)(65)
(14)(17) 41 (48)(69)
(08)(22)FREE(50) 64 
 03  30 (45)(53)(71)
(06)(26)(42) 60 (61)

REACH: 7
BINGO: 1
--------------------
ball[51]:56
(13) 25  35 (52)(65)
(14)(17) 41 (48)(69)
(08)(22)FREE(50) 64 
 03  30 (45)(53)(71)
(06)(26)(42) 60 (61)

REACH: 7
BINGO: 1
--------------------
ball[52]:47
(13) 25  35 (52)(65)
(14)(17) 41 (48)(69)
(08)(22)FREE(50) 64 
 03  30 (45)(53)(71)
(06)(26)(42) 60 (61)

REACH: 7
BINGO: 1
--------------------
ball[53]:3
(13) 25  35 (52)(65)
(14)(17) 41 (48)(69)
(08)(22)FREE(50) 64 
(03) 30 (45)(53)(71)
(06)(26)(42) 60 (61)

REACH: 7
BINGO: 2
--------------------
ball[54]:64
(13) 25  35 (52)(65)
(14)(17) 41 (48)(69)
(08)(22)FREE(50)(64)
(03) 30 (45)(53)(71)
(06)(26)(42) 60 (61)

REACH: 5
BINGO: 4
--------------------
ball[55]:49
(13) 25  35 (52)(65)
(14)(17) 41 (48)(69)
(08)(22)FREE(50)(64)
(03) 30 (45)(53)(71)
(06)(26)(42) 60 (61)

REACH: 5
BINGO: 4
--------------------
ball[56]:60
(13) 25  35 (52)(65)
(14)(17) 41 (48)(69)
(08)(22)FREE(50)(64)
(03) 30 (45)(53)(71)
(06)(26)(42)(60)(61)

REACH: 3
BINGO: 6
--------------------
ball[57]:29
(13) 25  35 (52)(65)
(14)(17) 41 (48)(69)
(08)(22)FREE(50)(64)
(03) 30 (45)(53)(71)
(06)(26)(42)(60)(61)

REACH: 3
BINGO: 6
--------------------
ball[58]:33
(13) 25  35 (52)(65)
(14)(17) 41 (48)(69)
(08)(22)FREE(50)(64)
(03) 30 (45)(53)(71)
(06)(26)(42)(60)(61)

REACH: 3
BINGO: 6
--------------------
ball[59]:55
(13) 25  35 (52)(65)
(14)(17) 41 (48)(69)
(08)(22)FREE(50)(64)
(03) 30 (45)(53)(71)
(06)(26)(42)(60)(61)

REACH: 3
BINGO: 6
--------------------
ball[60]:19
(13) 25  35 (52)(65)
(14)(17) 41 (48)(69)
(08)(22)FREE(50)(64)
(03) 30 (45)(53)(71)
(06)(26)(42)(60)(61)

REACH: 3
BINGO: 6
--------------------
ball[61]:27
(13) 25  35 (52)(65)
(14)(17) 41 (48)(69)
(08)(22)FREE(50)(64)
(03) 30 (45)(53)(71)
(06)(26)(42)(60)(61)

REACH: 3
BINGO: 6
--------------------
ball[62]:34
(13) 25  35 (52)(65)
(14)(17) 41 (48)(69)
(08)(22)FREE(50)(64)
(03) 30 (45)(53)(71)
(06)(26)(42)(60)(61)

REACH: 3
BINGO: 6
--------------------
ball[63]:23
(13) 25  35 (52)(65)
(14)(17) 41 (48)(69)
(08)(22)FREE(50)(64)
(03) 30 (45)(53)(71)
(06)(26)(42)(60)(61)

REACH: 3
BINGO: 6
--------------------
ball[64]:70
(13) 25  35 (52)(65)
(14)(17) 41 (48)(69)
(08)(22)FREE(50)(64)
(03) 30 (45)(53)(71)
(06)(26)(42)(60)(61)

REACH: 3
BINGO: 6
--------------------
ball[65]:38
(13) 25  35 (52)(65)
(14)(17) 41 (48)(69)
(08)(22)FREE(50)(64)
(03) 30 (45)(53)(71)
(06)(26)(42)(60)(61)

REACH: 3
BINGO: 6
--------------------
ball[66]:12
(13) 25  35 (52)(65)
(14)(17) 41 (48)(69)
(08)(22)FREE(50)(64)
(03) 30 (45)(53)(71)
(06)(26)(42)(60)(61)

REACH: 3
BINGO: 6
--------------------
ball[67]:9
(13) 25  35 (52)(65)
(14)(17) 41 (48)(69)
(08)(22)FREE(50)(64)
(03) 30 (45)(53)(71)
(06)(26)(42)(60)(61)

REACH: 3
BINGO: 6
--------------------
ball[68]:25
(13)(25) 35 (52)(65)
(14)(17) 41 (48)(69)
(08)(22)FREE(50)(64)
(03) 30 (45)(53)(71)
(06)(26)(42)(60)(61)

REACH: 5
BINGO: 6
--------------------
ball[69]:57
(13)(25) 35 (52)(65)
(14)(17) 41 (48)(69)
(08)(22)FREE(50)(64)
(03) 30 (45)(53)(71)
(06)(26)(42)(60)(61)

REACH: 5
BINGO: 6
--------------------
ball[70]:35
(13)(25)(35)(52)(65)
(14)(17) 41 (48)(69)
(08)(22)FREE(50)(64)
(03) 30 (45)(53)(71)
(06)(26)(42)(60)(61)

REACH: 5
BINGO: 7
--------------------
ball[71]:30
(13)(25)(35)(52)(65)
(14)(17) 41 (48)(69)
(08)(22)FREE(50)(64)
(03)(30)(45)(53)(71)
(06)(26)(42)(60)(61)

REACH: 2
BINGO: 10
--------------------
ball[72]:73
(13)(25)(35)(52)(65)
(14)(17) 41 (48)(69)
(08)(22)FREE(50)(64)
(03)(30)(45)(53)(71)
(06)(26)(42)(60)(61)

REACH: 2
BINGO: 10
--------------------
ball[73]:41
(13)(25)(35)(52)(65)
(14)(17)(41)(48)(69)
(08)(22)FREE(50)(64)
(03)(30)(45)(53)(71)
(06)(26)(42)(60)(61)

REACH: 0
BINGO: 12
--------------------

プロセスは終了コード 0 で終了しました
